6 #Nombre GISEMENTS
	0 0 100 4000
	-950 650 150 9000
	-850 -100 50 1000
	500 -800 50 1000
	-400 -400 150 9000
	500 0 150 746

2 #Nombre BASES
	500 800 1000 3 1 0 3
		2 0 200 950 150 950 1 1 0
		3 0 800 950 850 950 0 0 0
		31 0 200 450 200 450 0 0 0

		90 0 150 300 400 400 1


		12 0 500 800 500 800 1
		5 0 500 250 500 50 0
		98 0 500 950 500 -950 0

	-500 -801 1000 1 1 1 3
		6 0 -300 -200 -300 -200 1 0 0

		7 0 -810 -120 -810 -120 1

		9 0 -675 -200 -810 -120 0 0

		8 0 -500 -801 -500 -801 1
		91 0 -700 -300 -700 -300 1
		92 0 -500 -100 -500 -100 1

