2 #Nombre GISEMENTS
	900 0 150 250
	0 700 50 1000

1 #Nombre BASES
	100 0 1464.12 5 1 1 51
		14 9626.85 -238.241 -154.169 100 0 0 0 0
		24 1753.15 -992.129 -857.961 -965 490 0 0 0
		25 9615.91 217.973 -362.837 100 0 0 0 0
		29 9606.96 328.039 -319.236 100 0 0 0 0
		30 9605.93 399.898 258.721 100 0 0 0 0

		57 655 755 0 900 0 1

		58 0 100 0 100 0 1 0

		4 0 100 0 100 0 1
		2 295 395 0 395 0 1
		3 295 100 295 100 295 1
		4 295 -195 0 -195 0 1
		5 295 100 -295 100 -295 1
		6 417.193 395 295 395 295 1
		7 417.193 395 -295 395 -295 1
		8 417.193 -195 -295 -195 -295 1
		9 417.193 -195 295 -195 295 1
		10 590 690 0 690 0 1
		11 590 -490 0 -490 0 1
		12 659.64 690 295 690 295 1
		13 659.64 690 -295 690 -295 1
		15 590 100 -590 100 -590 1
		16 590 100 590 100 590 1
		17 659.64 -490 295 -490 295 1
		18 659.64 395 -590 395 -590 1
		19 659.64 -195 590 -195 590 1
		20 659.64 -490 -295 -490 -295 1
		21 659.64 -195 -590 -195 -590 1
		22 659.64 395 590 395 590 1
		23 834.386 -490 590 -490 590 1
		26 834.386 690 590 690 590 1
		27 834.386 -490 590 -490 590 1
		28 834.386 -490 -590 -490 -590 1
		31 885 985 0 985 0 1
		32 885 -785 0 -785 0 1
		33 885 100 -885 100 -885 1
		34 932.872 985 295 985 295 1
		35 932.872 -785 295 -785 295 1
		36 932.872 395 -885 395 -885 1
		37 932.872 985 -295 985 -295 1
		38 932.872 -785 -295 -785 -295 1
		39 932.872 -195 -885 -195 -885 1
		40 1063.64 985 590 985 590 1
		41 1063.64 -785 590 -785 590 1
		42 1063.64 690 -885 690 -885 1
		43 1063.64 985 -590 985 -590 1
		44 1063.64 -785 -590 -785 -590 1
		45 1063.64 -490 -885 -490 -885 1
		46 1251.58 985 -885 985 -885 1
		47 1251.58 -785 -885 -785 -885 1
		48 1251.58 985 885 985 885 1
		49 659.64 -195 -590 -195 -590 1
		50 1251.58 -785 885 -785 885 1
		51 932.872 395 885 395 885 1
		52 834.386 690 -590 690 -590 1
		53 1063.64 -490 885 -490 885 1
		54 932.872 -195 885 -195 885 1
		55 885 100 885 100 885 1
		56 1063.64 690 885 690 885 1

