2 #Nombre GISEMENTS
	900 0 150 1000
	0 700 50 1000

1 #Nombre BASES
	100 0 796 1 1 1 13
		1 190 0.213643 688.376 0 690 1 0 1 0 700 50 1000
		19 295 100 -295 100 -295 1 0 0
		22 295 100 -295 100 -295 1 0 0
		25 295 100 -295 100 -295 1 0 0
		28 295 100 -295 100 -295 1 0 0
		31 295 100 -295 100 -295 1 0 0
		34 295 100 -295 100 -295 1 0 0
		37 295 100 -295 100 -295 1 0 0
		40 295 100 -295 100 -295 1 0 0
		43 295 100 -295 100 -295 1 0 0
		46 295 100 -295 100 -295 1 0 0
		49 295 100 -295 100 -295 1 0 0
		52 295 100 -295 100 -295 1 0 0
		55 295 100 -295 100 -295 1 0 0
		58 295 100 -295 100 -295 1 0 0
		61 295 100 -295 100 -295 1 0 0
		64 295 100 -295 100 -295 1 0 0
		67 295 100 -295 100 -295 1 0 0

		2 0 760 0 760 0 1

		3 260 760 0 760 0 1 0

		4 0 100 0 100 0 1
		5 0 350 0 350 0 1
		6 0 100 250 100 250 1
		7 0 -150 0 -150 0 1
		8 0 100 -250 100 -250 1
		9 730 -180 -200 -800 -200 0
		10 730 -437.736 -335.011 0 200 0
		11 0 300 450 300 450 1
		12 0 -100 450 -100 450 1
		13 0 -350 200 -350 200 1
		14 0 -350 -200 -350 -200 1
		15 0 -100 -450 -100 -450 1
		16 0 300 -450 300 -450 1
		17 290 244.631 251.36 247 255.477 1
		18 290 -44.6309 251.36 -47 255.477 1
		20 290 244.631 251.36 247 255.477 1
		21 290 -44.6309 251.36 -47 255.477 1
		23 290 244.631 251.36 247 255.477 1
		24 290 -44.6309 251.36 -47 255.477 1
		26 290 244.631 251.36 247 255.477 1
		27 290 -44.6309 251.36 -47 255.477 1
		29 290 244.631 251.36 247 255.477 1
		30 290 -44.6309 251.36 -47 255.477 1
		32 290 244.631 251.36 247 255.477 1
		33 290 -44.6309 251.36 -47 255.477 1
		35 290 244.631 251.36 247 255.477 1
		36 290 -44.6309 251.36 -47 255.477 1
		38 290 244.631 251.36 247 255.477 1
		39 290 -44.6309 251.36 -47 255.477 1
		41 290 244.631 251.36 247 255.477 1
		42 290 -44.6309 251.36 -47 255.477 1
		44 290 244.631 251.36 247 255.477 1
		45 290 -44.6309 251.36 -47 255.477 1
		47 290 244.631 251.36 247 255.477 1
		48 290 -44.6309 251.36 -47 255.477 1
		50 290 244.631 251.36 247 255.477 1
		51 290 -44.6309 251.36 -47 255.477 1
		53 290 244.631 251.36 247 255.477 1
		54 290 -44.6309 251.36 -47 255.477 1
		56 290 244.631 251.36 247 255.477 1
		57 290 -44.6309 251.36 -47 255.477 1
		59 290 244.631 251.36 247 255.477 1
		60 290 -44.6309 251.36 -47 255.477 1
		62 290 244.631 251.36 247 255.477 1
		63 290 -44.6309 251.36 -47 255.477 1
		65 290 244.631 251.36 247 255.477 1
		66 290 -44.6309 251.36 -47 255.477 1

