2 #Nombre GISEMENTS
	900 0 150 1000
	0 700 50 1000

1 #Nombre BASES
	100 0 964.885 1 1 1 13
		1 190 0 690 0 690 1 0 1 0 700 50 1000

		2 0 760 0 760 0 1

		3 260 760 0 760 0 1 0

		4 0 100 0 100 0 1
		5 0 350 0 350 0 1
		6 0 100 250 100 250 1
		7 0 -150 0 -150 0 1
		8 0 100 -250 100 -250 1
		9 0 100 0 100 0 1
		10 0 100 0 100 0 1
		11 0 300 450 300 450 1
		12 0 -100 450 -100 450 1
		13 0 -350 200 -350 200 1
		14 0 -350 -200 -350 -200 1
		15 0 -100 -450 -100 -450 1
		16 0 300 -450 300 -450 1
		17 295 100 -295 100 -295 1
		18 415 395 295 395 295 1
		19 415 395 -295 395 -295 1
		20 415 -195 -295 -195 -295 1
		21 415 -195 295 -195 295 1
		22 590 690 0 690 0 1
		23 590 -490 0 -490 0 1
		24 655 690 295 690 295 1
		25 655 690 -295 690 -295 1
		26 590 100 -590 100 -590 1
		27 590 100 590 100 590 1
		28 655 -490 295 -490 295 1
		29 655 395 -590 395 -590 1
		30 655 -195 590 -195 590 1
		31 655 -490 -295 -490 -295 1
		32 655 -195 -590 -195 -590 1
		33 655 395 590 395 590 1
		34 0 100 0 100 0 1
		35 295 100 -295 100 -295 1
		36 415 395 295 395 295 1
		37 415 395 -295 395 -295 1
		38 415 -195 -295 -195 -295 1
		39 415 -195 295 -195 295 1
		40 590 690 0 690 0 1
		41 590 -490 0 -490 0 1
		42 655 690 295 690 295 1
		43 655 690 -295 690 -295 1
		44 590 100 -590 100 -590 1
		45 590 100 590 100 590 1
		46 655 -490 295 -490 295 1
		47 655 395 -590 395 -590 1
		48 655 -195 590 -195 590 1
		49 655 -490 -295 -490 -295 1

